object_list:
- arm_name: left
  object_name: soap2
  pick_pose:
    orientation:
      w: 0.0
      x: 0.0
      y: 0.0
      z: 0.0
    position:
      x: 0.3896998167037964
      y: 0.2962578237056732
      z: 0.6662847995758057
  place_pose:
    orientation:
      w: 0.0
      x: 0.0
      y: 0.0
      z: 0.0
    position:
      x: 0.0
      y: 0.71
      z: 0.605
  test_scene_num: 1
